0,1,1,1,0,1,1,0,1,1
33,1,1,1,4789,1,1,220,1,0
35,2,0,2,1350,1,0,185,1,0
30,2,1,2,1476,1,1,199,4,0
59,2,1,1,0,1,0,226,1,0
35,2,0,2,747,0,0,141,2,0
36,0,1,2,307,1,0,341,1,0
39,3,1,1,147,1,0,151,2,0
41,3,1,2,221,1,0,57,2,0
43,1,1,0,-88,1,1,313,1,0
39,1,1,1,9374,1,0,273,1,0
43,0,1,1,264,1,0,113,2,0
36,3,1,2,1109,0,0,328,2,0
20,3,0,1,502,0,0,261,1,1
31,1,1,1,360,1,1,89,1,0
40,2,1,2,194,0,1,189,2,0
56,3,1,1,4073,0,0,239,5,0
37,0,0,2,2317,1,0,114,1,0
25,1,0,0,-221,1,0,250,1,0
31,1,1,1,132,0,0,148,1,0
38,2,2,0,0,1,0,96,2,0
42,2,2,2,16,0,0,140,3,0
44,1,0,1,106,0,0,109,2,0
44,3,1,1,93,0,0,125,2,0
26,1,1,2,543,0,0,169,3,0
41,2,1,2,5883,0,0,182,2,0
55,1,1,0,627,1,0,247,1,0
67,1,1,0,696,0,0,119,1,0
56,0,1,1,784,0,1,149,2,0
53,0,1,1,105,0,1,74,2,0
68,1,2,1,4189,0,0,897,2,1
31,3,1,1,171,0,0,81,3,0
59,2,1,1,42,0,0,40,1,0
32,2,0,2,2536,1,0,958,6,1
49,3,1,2,1235,0,0,354,3,1
42,0,2,1,1811,1,0,150,1,0
78,3,2,0,229,0,0,97,1,1
32,1,1,1,2089,1,0,132,1,1
33,2,1,1,3935,1,0,765,1,1
31,2,1,1,132,0,0,148,1,0
